Cases 2020
2,602,151
1,391,848
1,210,303
645,495
1,553,222
1,008,586
706,010
221,889
433,692
70,601
242,061
Chile
Australia
France
United States
Spain
Italy
New Zealand
South Africa
Argentina
Germany
Allothers
Total Table Wine
Europe
Rest of World
Cases Cases Cases 2000 2014 2015
669,000 1,998,548 2,166,955
750,000 1,584,192 1,548,308
1,043,000 1,248,059 1,199,105
632,000 672,061 616,683
257,000 1,005,655 1,012,877
386,000 869,657 813,679
41,000 338,314 425,913
332,000 395,378 376,862
96,000 192,796 196,308
118,000 95,090 77,085
160,000 115,596 131,559
4,484,000 8,515,344 8,565,038
1,946,000 3,334,057 3,207,993
2,538,000 5,181,287 5,357,045
Cases Cases Cases 2016 2017 2018
2,308,600 2,446,295 2,415,128
1,596,180 1,513,079 1,385,147
1,163,318 1,150,665 1,056,619
631,258 597,983 621,540
1,109,210 1,141,605 1,154,289
874,743 851,673 834,640
505,006 543,621 568,265
342,683 326,173 301,891
252,403 271,811 284,132
72,864 72,483 62,154
161,705 144,966 195,342
9,017,970 9,060,354 8,879,147
3,256,107 3,361,392 3,303,044
5,761,863 5,698,962 5,576,103
Cases 2019
2,476,438
1,152,669
1,134,659
612,356
1,260,732
882,513
639,371
243,141
324,188
54,031
225,130
9,005,230
3,557,067
5,448,163
 